format long e

x = 0.0004;

y = 1/2 - (x^2/24) + (x^4/720);



