% gussv907 

R0 = 7115 Ohm
E0 = -7 V
R1 = 9128 Ohm
R2 = 8180 Ohm
R3 = 6923 Ohm
RY = 4552 Ohm
RX = 7924 Ohm
R7 = 1391 Ohm